BT-100-0.5-thirdBest value = [165 170 167 152 149 138 136 133 129 110  88 100  98  93  89  62  35  58
  61  22  24  70  71  74  77 105 117 130 134 142 147 159 179 177 180 183
 174 162 160 171 178 185 182 186 189 193 181 175 168 163 156 140  95  56
  44  50  57  55  53  54  48  41  49  76  78  82  80 137 145 148 155 144
 139 141 118 102  69  63  38  46  42  43  51  52  28  27  21   8   9  14
  18  29  34  31  30  33  39  37  40  45  47  72  99 122 123 127 116 115
 104  96  83  66  60  65  90 101 108 112 113 124 131 126  81  79  86  92
  94 109 111 128 135 154 150 146 158 164 172 173 153 121  87  73  68  59
  32  20  17  16  12  15   7   5   0  19  64  84  85  97 103 125 143 151
 176 188 191 190 187 192 184 169 166 161 157  75  13  10   6   2   4  11
  26  36  67 107 114 120 132 119 106  91  23  25   3   1]
Best chromosome =
17089.597766585233BT-100-0.5-thirdBest value = 17089.597766585233
Best chromosome =
[165 170 167 152 149 138 136 133 129 110  88 100  98  93  89  62  35  58
  61  22  24  70  71  74  77 105 117 130 134 142 147 159 179 177 180 183
 174 162 160 171 178 185 182 186 189 193 181 175 168 163 156 140  95  56
  44  50  57  55  53  54  48  41  49  76  78  82  80 137 145 148 155 144
 139 141 118 102  69  63  38  46  42  43  51  52  28  27  21   8   9  14
  18  29  34  31  30  33  39  37  40  45  47  72  99 122 123 127 116 115
 104  96  83  66  60  65  90 101 108 112 113 124 131 126  81  79  86  92
  94 109 111 128 135 154 150 146 158 164 172 173 153 121  87  73  68  59
  32  20  17  16  12  15   7   5   0  19  64  84  85  97 103 125 143 151
 176 188 191 190 187 192 184 169 166 161 157  75  13  10   6   2   4  11
  26  36  67 107 114 120 132 119 106  91  23  25   3   1]FPS-100-0.5-thirdBest value = 17707.833017451936
Best chromosome =
[165 170 167 152 149 138 136 133 129 110  88 100  98  93  89  62  35  58
  61  22  24  70  71  74  77 105 117 130 134 142 147 159 179 177 180 183
 174 162 160 171 178 185 182 186 189 193 181 175 168 163 156 140  95  56
  44  87  50  57  55  53  54  48  41  49  76  78  82  80 137 145 148 155
 144 139 141 118 102  69  63  38  46  42  43  51  52  28  27  21   8   9
  14  18  29  34  31  30  33  39  37  40  45  47  72  99 122 123 127 116
 115 104  96 154  83  66  60  65  90 101 108 112 113 124 131 126  81  79
  86  92  94 109 111 128 135 150 146 158 164 172 173 153 121  73  68  59
  32  20  17  16  12  15   7   5   0  19  64  84  85  97 103 125 143 151
 176 188 191 190 187 192 184 169 166 161 157  75  13  10   6   2   4  11
  26  36  67 107 114 120 132 119 106  91  23  25   3   1]Trunc-100-0.5-thirdBest value = 17707.833017451936
Best chromosome =
[165 170 167 152 149 138 136 133 129 110  88 100  98  93  89  62  35  58
  61  22  24  70  71  74  77 105 117 130 134 142 147 159 179 177 180 183
 174 162 160 171 178 185 182 186 189 193 181 175 168 163 156 140  95  56
  44  87  50  57  55  53  54  48  41  49  76  78  82  80 137 145 148 155
 144 139 141 118 102  69  63  38  46  42  43  51  52  28  27  21   8   9
  14  18  29  34  31  30  33  39  37  40  45  47  72  99 122 123 127 116
 115 104  96 154  83  66  60  65  90 101 108 112 113 124 131 126  81  79
  86  92  94 109 111 128 135 150 146 158 164 172 173 153 121  73  68  59
  32  20  17  16  12  15   7   5   0  19  64  84  85  97 103 125 143 151
 176 188 191 190 187 192 184 169 166 161 157  75  13  10   6   2   4  11
  26  36  67 107 114 120 132 119 106  91  23  25   3   1]BT-100-0.5-thirdBest value = 17089.597766585233
Best chromosome =
[165 170 167 152 149 138 136 133 129 110  88 100  98  93  89  62  35  58
  61  22  24  70  71  74  77 105 117 130 134 142 147 159 179 177 180 183
 174 162 160 171 178 185 182 186 189 193 181 175 168 163 156 140  95  56
  44  50  57  55  53  54  48  41  49  76  78  82  80 137 145 148 155 144
 139 141 118 102  69  63  38  46  42  43  51  52  28  27  21   8   9  14
  18  29  34  31  30  33  39  37  40  45  47  72  99 122 123 127 116 115
 104  96  83  66  60  65  90 101 108 112 113 124 131 126  81  79  86  92
  94 109 111 128 135 154 150 146 158 164 172 173 153 121  87  73  68  59
  32  20  17  16  12  15   7   5   0  19  64  84  85  97 103 125 143 151
 176 188 191 190 187 192 184 169 166 161 157  75  13  10   6   2   4  11
  26  36  67 107 114 120 132 119 106  91  23  25   3   1]FPS-100-0.5-thirdBest value = 17707.833017451936
Best chromosome =
[165 170 167 152 149 138 136 133 129 110  88 100  98  93  89  62  35  58
  61  22  24  70  71  74  77 105 117 130 134 142 147 159 179 177 180 183
 174 162 160 171 178 185 182 186 189 193 181 175 168 163 156 140  95  56
  44  87  50  57  55  53  54  48  41  49  76  78  82  80 137 145 148 155
 144 139 141 118 102  69  63  38  46  42  43  51  52  28  27  21   8   9
  14  18  29  34  31  30  33  39  37  40  45  47  72  99 122 123 127 116
 115 104  96 154  83  66  60  65  90 101 108 112 113 124 131 126  81  79
  86  92  94 109 111 128 135 150 146 158 164 172 173 153 121  73  68  59
  32  20  17  16  12  15   7   5   0  19  64  84  85  97 103 125 143 151
 176 188 191 190 187 192 184 169 166 161 157  75  13  10   6   2   4  11
  26  36  67 107 114 120 132 119 106  91  23  25   3   1]Trunc-100-0.5-thirdBest value = 20749.93065433509
Best chromosome =
[103  98  88  93  89  97 129 193 190 188 187 191 183 174 172 173 137 101
  77  59  36  57  48  49  54  42  56  32  68  73  74  79  22  12  13  20
  17  44  39  46  67  76  78  82 121 138 178 185 181 175 153 149 104 105
  83  94  63  30  11   4   8   9  34  45  43  80  96 117 159 165 146 140
 156 148 136  87  92  95 116 135 134 142 128 120 114 111  99  66  51  52
  40  41  53  47  37  26  21  27  28  91 106 109 123 122 127 130 143 152
 162 160  90  69  65  50  38  16  24  75  86 102 151 176 180 192 177 179
 184 170 169 154 147 132 119 115 107  72  33  31  14  18  29  55  60  71
  70 100 110 131 155 168 171 182 189 186 163 145 141 139 133 144 158 166
 167 164 157 161 150 125 124 126 113  61  58  62  19  15   7   5   0   3
   1   2   6  10  25  23 108 112 118  81  35  64  85  84]RBS-100-0.5-thirdBest value = 13787.27443105031
Best chromosome =
[175 181 193 189 188 187 192 191 190 183 174 172 173 164 151 140 121 118
 101  90  77  74  73  59  56  38  33  39  47  48  49  54  53  42  50  44
  32  24  22  12  10  13  16  20  17  27  21  28  36  67  76  78  82  87
  95  94  80  69  63  26   9   8   4  11  30  37  46  65  83  91  96 104
 105 117 130 147 159 165 161 150 146 143 137 138 141 136 112 108 102  92
  60  55  52  51 109 111 114 119 122 123 127 128 134 135 149 152 167 176
 180 177 179 184 170 169 166 158 157 154 142 132 120 116 115 107 106  99
  72  66  57  40  31  14  18  29  34  41  43  45  68  71  70  81  89  93
  98 103 110 129 126 131 133 144 155 160 162 163 168 171 185 186 182 178
 156 153 145 148 139 125 124 113 100  88  61  58  15   7   5   0   3   1
   2   6  23  25  75  86  79  35  62  19  64  84  85  97]RBS-100-0.5-thirdBest value = 12682.765879099017
Best chromosome =
[175 181 193 189 188 187 192 191 190 183 174 156 152 140 121  90  77  73
  59  56  44  38  33  39  40  43  48  49  54  53  46  50  32  24  22  12
  10  13  16  20  17  27  21  28  76  69  63  36  26   9   8   4  11  30
  37  42  60  66  65  83  78  87  96 104 105 117 130 135 159 165 157 146
 151 149 143 138 137 118 112 108 101 102  92  95  94  91  99 109 111 114
 119 122 123 127 128 134 150 158 164 167 176 180 177 179 184 170 169 166
 161 154 147 142 132 120 116 115 107 106  82  80  72  52  51  47  45  34
  31  14  18  29  41  55  57  67  68  71  74  75  70  81  88  89  93  98
 100 103 110 129 126 131 133 139 144 155 160 162 163 168 171 178 185 186
 182 173 172 153 145 148 141 136 124 125 113  61  58  15   7   5   0   3
   1   2   6  23  25  86  79  35  62  19  64  84  85  97]